100个坐标位置
{797, 272}, {399, 710}, {182, 327}, {29, 739}, {389, 449}, {12, 393}, {396, 
    806}, {1, 858}, {306, 356}, {468, 355}, {857, 303}, {458, 718}, {60, 
    31}, {59, 7}, {877, 704}, {30, 268}, {488, 254}, {18, 874}, {92, 
    448}, {16, 15}, {785, 92}, {548, 659}, {927, 788}, {89, 941}, {867, 
    756}, {30, 933}, {989, 52}, {999, 664}, {501, 797}, {981, 790}, {409, 
    348}, {965, 774}, {624, 256}, {416, 114}, {697, 467}, {326, 173}, {830, 
    710}, {296, 240}, {840, 658}, {296, 575}, {338, 861}, {314, 785}, {929, 
    512}, {349, 10}, {304, 256}, {933, 895}, {607, 788}, {606, 722}, {777, 
    77}, {310, 482}, {937, 418}, {13, 906}, {598, 557}, {698, 121}, {669, 
    45}, {348, 111}, {364, 789}, {415, 215}, {757, 1}, {808, 493}, {979, 
    923}, {498, 11}, {42, 504}, {484, 104}, {444, 947}, {785, 982}, {774, 
    901}, {436, 870}, {409, 112}, {21, 655}, {652, 111}, {213, 162}, {672, 
    187}, {715, 150}, {629, 682}, {230, 46}, {185, 735}, {444, 64}, {410, 
    834}, {7, 193}, {1, 721}, {986, 538}, {348, 610}, {772, 376}, {676, 
    422}, {57, 225}, {46, 740}, {827, 178}, {861, 4}, {382, 113}, {450, 
    170}, {374, 920}, {449, 448}, {388, 382}, {100, 838}, {615, 5}, {424, 
    415}, {557, 780}, {377, 675}, {730, 602}}
从第i个节点到1，2，...100个节点的业务流量
"i=1
{0, 9128, 4714, 4569, 4787, 6813, 5507, 14332, 12963, 3207, 6079, 7436, \
11458, 9912, 5103, 12997, 9356, 6972, 7621, 3817, 3887, 12218, 11285, 6766, \
12059, 4449, 3886, 7644, 5780, 7529, 7798, 12863, 8136, 3911, 3754, 11068, \
14301, 4295, 13802, 9310, 13381, 4709, 4083, 3327, 14535, 5106, 14955, 10659, \
6170, 10930, 5577, 7095, 7928, 8443, 9092, 11656, 12543, 8056, 5309, 10966, \
11986, 8561, 14476, 10188, 10226, 3675, 7769, 4530, 11814, 9786, 13648, 3320, \
6229, 7269, 9049, 3558, 10476, 10565, 11372, 9963, 7876, 10795, 11193, 4409, \
8653, 12972, 9220, 9955, 12891, 5139, 13166, 7337, 9747, 14057, 9071, 13527, \
8564, 14230, 11677, 9508}
"i=2
{3667, 0, 7289, 5702, 6149, 9859, 13228, 4153, 12376, 5020, 11577, 5625, \
6831, 14948, 8293, 13425, 10145, 3289, 8068, 11771, 6480, 14985, 8146, 9316, \
12426, 6875, 11576, 10022, 13471, 11488, 11380, 5338, 4611, 4714, 4723, 6396, \
12967, 10591, 12267, 13951, 14323, 3459, 8807, 8914, 9828, 8450, 4066, 9438, \
14206, 12013, 12680, 6218, 8073, 4200, 14937, 14237, 9925, 4147, 8225, 11061, \
13340, 14548, 10033, 14884, 7267, 5283, 8822, 13136, 4234, 6410, 12549, 3097, \
6277, 3826, 6824, 4207, 7478, 8667, 9277, 11564, 12993, 5796, 11577, 4402, \
8056, 9697, 9430, 7511, 9162, 6574, 9782, 14718, 7296, 10245, 14985, 11779, \
12728, 13965, 12989, 12337}
"i=3
{4517, 5583, 0, 3193, 8151, 4427, 6981, 6636, 5232, 9100, 14546, 4391, 8351, \
3733, 6403, 8537, 6580, 10741, 12170, 12944, 11474, 14671, 13341, 7266, 7867, \
14404, 9454, 3664, 10463, 7158, 5520, 5442, 13328, 7371, 13929, 14752, 5090, \
11178, 10552, 9862, 10483, 10732, 9915, 5970, 8933, 10358, 10131, 5574, \
11608, 4326, 12291, 10030, 13537, 9958, 9276, 9338, 13846, 6502, 14546, 7338, \
8036, 14360, 9254, 7345, 8672, 9659, 5491, 12143, 12409, 10034, 6840, 9981, \
11552, 10784, 13096, 5099, 6276, 14003, 14456, 4773, 11059, 8616, 11843, \
9330, 10484, 7736, 3580, 13000, 5042, 12480, 14679, 5184, 10951, 14368, \
12612, 6662, 14783, 9604, 4728, 14145}
"i=4
{14514, 9000, 7225, 0, 6833, 12169, 10810, 11970, 7680, 12430, 11047, 7641, \
10863, 13432, 7109, 12768, 9740, 9812, 8851, 12465, 8147, 5220, 12382, 10116, \
8741, 7607, 7780, 5031, 3602, 14233, 5548, 3616, 3345, 3706, 3492, 13889, \
7883, 6163, 6589, 3399, 9094, 14062, 6286, 12306, 3431, 7420, 14155, 9441, \
14203, 9346, 6343, 12491, 10836, 5134, 3154, 10554, 5657, 4517, 11465, 8873, \
11210, 10014, 4054, 9422, 7406, 14147, 9926, 7913, 7219, 11419, 14380, 4356, \
10545, 5670, 5844, 8394, 5271, 11567, 6241, 8645, 4275, 10050, 5392, 8812, \
8605, 13007, 3727, 14649, 13865, 4906, 14461, 7504, 10898, 3876, 14634, 4544, \
14740, 9025, 8291, 10264}
"i=5
{9926, 4078, 12178, 10133, 0, 10374, 14429, 8226, 7046, 12064, 6362, 11823, \
9769, 9657, 12255, 4308, 8811, 3325, 12773, 6190, 7500, 9703, 8639, 8224, \
8537, 5162, 6350, 4488, 11978, 13039, 4693, 8264, 4768, 6375, 14841, 4191, \
10064, 7450, 12979, 3866, 9080, 5212, 3684, 11057, 10471, 7906, 6543, 5985, \
8071, 13595, 7912, 3110, 14892, 13633, 14832, 13716, 4658, 14045, 14816, \
12479, 13924, 10120, 8993, 12280, 6092, 8756, 12784, 7053, 3666, 12919, \
10745, 14904, 9715, 13219, 5547, 4318, 5821, 3242, 14569, 14509, 11926, 4159, \
12808, 6694, 13651, 9678, 5395, 5067, 4364, 8815, 12925, 4835, 8192, 12694, \
9319, 9654, 8651, 9557, 9169, 13356}
"i=6
{7076, 14231, 14337, 7576, 11464, 0, 3129, 13390, 6686, 7570, 6960, 10976, \
7625, 3429, 10606, 8851, 5393, 14465, 3239, 10304, 7634, 10758, 13895, 13401, \
12445, 6841, 3371, 8674, 12882, 9554, 9825, 6139, 4086, 3944, 8418, 4415, \
9844, 4362, 12302, 12978, 9781, 12071, 9439, 14410, 14130, 8297, 5394, 9465, \
14543, 7631, 10904, 9361, 7594, 7085, 10855, 11300, 5518, 8561, 11941, 8001, \
11678, 8848, 11744, 9106, 13479, 7502, 4914, 11388, 5042, 14375, 7110, 7090, \
4005, 8095, 12726, 9075, 5957, 5404, 6286, 7551, 7394, 10291, 12598, 4563, \
7069, 10286, 12381, 6740, 5867, 6153, 5434, 6733, 11999, 8324, 10219, 3012, \
13768, 6894, 10896, 14153}
"i=7
{4368, 9390, 6952, 13221, 8360, 12969, 0, 4438, 3755, 7233, 6723, 9048, \
11866, 3294, 14818, 6058, 13652, 6988, 10666, 4926, 5937, 7638, 8263, 11230, \
10455, 6929, 13670, 13807, 14679, 12919, 13169, 5718, 14957, 5384, 10623, \
8032, 12701, 5323, 10760, 13268, 12575, 13529, 3899, 6530, 12354, 8240, 7999, \
3187, 10594, 11044, 6095, 10552, 7591, 7684, 14360, 8884, 3081, 3283, 4588, \
4428, 6719, 3730, 4495, 11253, 6338, 5807, 14488, 7145, 9188, 5308, 6024, \
10449, 5564, 7371, 11351, 7983, 3689, 10174, 14667, 4717, 10064, 10547, 3889, \
10434, 8197, 8732, 3867, 8616, 14899, 4130, 13475, 13330, 11709, 12503, 5437, \
9225, 12670, 14766, 5293, 7766}
"i=8
{12026, 11250, 9683, 13847, 10201, 4224, 14619, 0, 7396, 12639, 4749, 10465, \
4125, 8903, 14530, 8755, 7234, 12414, 4822, 4012, 13267, 13837, 10175, 7983, \
5693, 10124, 6877, 11050, 11830, 6964, 3867, 12590, 6382, 5248, 6571, 4900, \
3679, 9672, 4998, 6574, 13900, 3382, 7576, 9282, 7566, 9747, 14165, 8204, \
7272, 8240, 3669, 8888, 14638, 12924, 10700, 13367, 3198, 9346, 13874, 8003, \
7890, 9827, 13967, 3851, 14023, 5089, 4384, 3787, 10213, 3303, 14284, 6833, \
12431, 14472, 7241, 12019, 4272, 12040, 6951, 13802, 13696, 4983, 7167, 4235, \
5926, 13457, 3117, 6673, 7661, 11311, 10153, 14611, 7180, 10740, 12161, \
10846, 7138, 4698, 10580, 8471}
"i=9
{3075, 3476, 11607, 12946, 11994, 11072, 3629, 8384, 0, 10509, 13477, 5285, \
13779, 11943, 8426, 11954, 9006, 3419, 13040, 8600, 11493, 4909, 5164, 10743, \
12412, 10940, 9663, 12711, 8605, 11839, 5354, 4777, 3870, 13122, 7008, 4797, \
13541, 13518, 5310, 3030, 11941, 9929, 4003, 4328, 9675, 11764, 8097, 5899, \
6386, 6897, 8983, 11487, 13191, 3618, 10289, 13045, 8695, 5828, 13762, 6808, \
9800, 10837, 8271, 14475, 14356, 12727, 13894, 9574, 12788, 12496, 8927, \
14760, 13913, 12449, 11703, 14385, 6031, 5852, 9526, 7686, 6054, 6066, 9340, \
8493, 14295, 3495, 7949, 11058, 9080, 9348, 8344, 6539, 7813, 10717, 12642, \
6555, 14132, 12312, 12917, 13707}
"i=10
{9491, 7907, 6476, 13220, 5180, 13244, 3650, 12886, 7076, 0, 14028, 12146, \
8388, 5365, 3947, 14298, 12022, 8794, 14632, 11659, 7632, 12700, 12105, \
12210, 12625, 3302, 13905, 6764, 8854, 5396, 4470, 5492, 6158, 5316, 7442, \
11689, 4858, 5773, 4084, 9678, 14102, 11868, 5193, 4335, 8771, 3483, 13843, \
4164, 13760, 7281, 14421, 6721, 7087, 10380, 5751, 11251, 14239, 11582, 4874, \
5654, 4036, 12126, 7514, 9947, 7721, 13860, 9385, 7670, 14791, 14345, 14928, \
4283, 6166, 7223, 14843, 3022, 7109, 3896, 3890, 9938, 12764, 4296, 4592, \
6463, 13015, 5852, 5042, 10750, 9052, 13954, 5786, 10699, 7753, 14910, 6616, \
14684, 10541, 4184, 9923, 4566}
"i=11
{13395, 3415, 4367, 14893, 10899, 8551, 12671, 3190, 3617, 12971, 0, 10524, \
12378, 12321, 12477, 9230, 7191, 12821, 6633, 6105, 8499, 13940, 4357, 5676, \
10787, 14886, 6097, 3345, 14949, 11645, 7756, 6962, 3527, 8343, 12101, 5467, \
6246, 3371, 6500, 14162, 3492, 7108, 12148, 13358, 12602, 14759, 11223, 6726, \
6204, 10490, 8249, 12815, 8734, 14804, 7628, 4775, 7123, 12630, 4794, 13758, \
12936, 10498, 4169, 11944, 5678, 11913, 12896, 6453, 12361, 6690, 3366, \
10019, 8824, 4749, 6982, 6017, 6565, 7567, 3459, 9201, 7173, 12714, 12794, \
9571, 7964, 4168, 9281, 10150, 7608, 14516, 10129, 4377, 4213, 12283, 6838, \
3340, 12813, 11900, 3874, 8061}
"i=12
{7000, 5769, 8346, 10650, 6585, 13348, 13732, 8126, 9008, 3755, 8230, 0, \
8816, 9098, 4001, 14297, 13877, 3284, 7079, 12674, 14277, 10463, 3707, 12105, \
3224, 9561, 8905, 3014, 7613, 9453, 3626, 12303, 6721, 14321, 7388, 4795, \
5362, 9333, 8206, 13472, 6166, 10111, 14940, 12629, 9606, 12009, 3753, 5984, \
6635, 14769, 3161, 6263, 6330, 6315, 9168, 4351, 8491, 14542, 11872, 5387, \
9728, 10812, 11434, 12186, 7381, 12943, 14125, 9671, 9900, 6022, 5513, 4063, \
10140, 6432, 5780, 12631, 3253, 11892, 14962, 6682, 11607, 11942, 9266, 7903, \
10938, 6935, 9204, 8212, 14699, 4812, 3514, 3047, 12084, 5040, 4120, 12322, \
4749, 11936, 7181, 13509}
"i=13
{14170, 3562, 9285, 9098, 11000, 11144, 14049, 6660, 3678, 6410, 6812, 9531, \
0, 5563, 3320, 5737, 5618, 7170, 12145, 5181, 11096, 4725, 4901, 12841, \
10964, 6036, 6374, 6072, 12988, 14265, 11893, 9797, 4901, 7571, 4482, 3370, \
7481, 10985, 3911, 9198, 13541, 5467, 5413, 13587, 12619, 14732, 7599, 13196, \
12656, 9874, 14109, 10725, 5291, 7635, 8478, 7166, 14258, 7350, 14952, 3830, \
14362, 13212, 8595, 12742, 12267, 11629, 14648, 12607, 14235, 5304, 11577, \
4972, 4527, 7392, 13898, 10311, 12115, 5382, 5590, 8890, 8959, 14604, 8983, \
7561, 3193, 13854, 7561, 12755, 5310, 13679, 11408, 5027, 11502, 14506, \
14843, 5124, 5884, 13512, 8457, 10914}
"i=14
{7151, 3153, 12301, 3197, 10166, 11938, 6949, 3754, 14587, 10067, 4455, \
13998, 12498, 0, 10706, 14067, 3742, 8812, 5439, 9127, 9907, 10360, 3811, \
5123, 6293, 11181, 8018, 8081, 11256, 10166, 9216, 11207, 8380, 7824, 3771, \
9391, 10540, 5062, 5038, 6855, 6683, 14708, 12876, 7562, 8960, 5602, 10824, \
9937, 4724, 10527, 14393, 3048, 8771, 11388, 10897, 8857, 7886, 13592, 9015, \
12069, 13233, 4555, 12133, 4865, 6240, 12296, 6217, 8815, 11395, 8303, 6874, \
3833, 3135, 12783, 7658, 7415, 6278, 3544, 10331, 14436, 3272, 8532, 8073, \
13634, 9437, 6228, 9121, 13553, 3161, 6550, 5812, 4671, 8788, 10378, 12429, \
7731, 3244, 9228, 7277, 12715}
"i=15
{4681, 10185, 3888, 9983, 12413, 10647, 5645, 6437, 10580, 9952, 13442, 7932, \
12168, 8044, 0, 8128, 13948, 4834, 8172, 11248, 12368, 6021, 9885, 11930, \
4875, 11193, 7660, 5644, 13986, 11110, 8195, 10167, 10577, 13444, 5146, 7746, \
10057, 5539, 11011, 8658, 9811, 13777, 11715, 9470, 8543, 5203, 4273, 12941, \
6275, 14988, 13294, 6838, 9691, 7879, 3193, 8004, 13834, 3741, 7078, 11099, \
14370, 11177, 8310, 8730, 10843, 3009, 10542, 9427, 6099, 10832, 6550, 9691, \
11882, 10381, 6005, 14442, 11527, 9796, 13318, 9934, 14186, 10145, 3703, \
5999, 5843, 5401, 11508, 3795, 7189, 11636, 4949, 7533, 3966, 7551, 4878, \
8666, 6762, 11482, 10121, 3440}
"i=16
{7423, 14567, 14180, 7207, 10715, 10295, 12618, 8131, 5029, 6203, 11114, \
4490, 13451, 8597, 10490, 0, 6220, 8179, 11420, 13198, 6838, 4647, 11086, \
5250, 10486, 13319, 8168, 10988, 9335, 4197, 10576, 10427, 6077, 3604, 11416, \
5748, 11816, 4125, 7678, 13384, 5356, 14379, 13392, 4376, 12240, 8768, 5324, \
12545, 5323, 6336, 10186, 4284, 8100, 10080, 7195, 5168, 13499, 10951, 7365, \
11129, 3828, 11547, 7152, 13901, 8025, 11817, 12506, 5827, 6968, 12683, 9777, \
8141, 14237, 9730, 12698, 12834, 4184, 4148, 6163, 5833, 12030, 14137, 13158, \
9277, 12556, 9176, 12701, 7501, 14726, 7859, 13468, 6995, 14344, 6856, 14202, \
14122, 11711, 4611, 14900, 12223}
"i=17
{13317, 7557, 7212, 8431, 3654, 5109, 11689, 10565, 8751, 13793, 5808, 11240, \
11176, 4737, 5365, 14660, 0, 10637, 10799, 5930, 14784, 11914, 11834, 9901, \
10362, 7899, 13989, 7774, 6765, 13013, 11303, 5818, 8328, 13727, 8876, 4089, \
3496, 5037, 10184, 10308, 13829, 4471, 12370, 9780, 7454, 5649, 7565, 11625, \
14420, 11770, 14335, 3819, 3999, 11672, 6984, 14086, 10091, 10529, 7076, \
9901, 14578, 13615, 13071, 9963, 4592, 10928, 12945, 12672, 4401, 4039, 6280, \
14170, 7186, 14745, 5786, 5682, 11889, 13954, 8691, 5847, 14972, 12889, 4525, \
13591, 10404, 7716, 14985, 5733, 13162, 9115, 11702, 10528, 4749, 7588, 4854, \
13647, 9313, 14108, 12196, 5136}
"i=18
{6582, 12354, 10649, 5363, 14727, 3593, 10619, 8850, 11735, 3278, 3054, 8258, \
7105, 11415, 13614, 7807, 5982, 0, 10874, 9217, 4668, 3516, 12960, 6233, \
9583, 8773, 8127, 5262, 9085, 9807, 7132, 10702, 7925, 8904, 8562, 5188, \
9985, 13070, 4455, 11622, 7203, 9905, 6328, 11391, 4861, 14806, 13659, 8046, \
4886, 12950, 3796, 11171, 8321, 5896, 7364, 4821, 3441, 10425, 10976, 11769, \
4035, 14593, 11688, 8123, 7530, 12596, 7372, 3230, 9743, 11578, 11879, 13445, \
7254, 5956, 10352, 9274, 9434, 8132, 3468, 3171, 10423, 13999, 4063, 12998, \
7360, 9198, 10983, 6299, 5603, 10229, 12646, 14177, 5361, 9438, 10178, 5173, \
5699, 11332, 6656, 11934}
"i=19
{10552, 6471, 5237, 12458, 5155, 10098, 7362, 12696, 10174, 5858, 5874, \
13093, 3432, 14522, 3363, 8635, 10184, 14271, 0, 5832, 7625, 11056, 5235, \
10882, 3539, 8689, 7072, 11998, 5065, 8769, 13499, 6513, 4158, 10359, 6340, \
9643, 9385, 14207, 4868, 13054, 14654, 6119, 3392, 9232, 8068, 4970, 11618, \
10922, 5905, 5264, 9663, 11880, 14540, 14278, 6484, 12667, 5336, 3240, 13980, \
3655, 3455, 4109, 13149, 6662, 8109, 5802, 5890, 5730, 3203, 14711, 3002, \
14762, 11853, 12968, 6386, 13408, 4846, 8627, 14029, 10360, 8461, 9085, \
13914, 9452, 12115, 3395, 6654, 7456, 12669, 9908, 7432, 3316, 6472, 14856, \
5628, 13717, 14388, 14232, 13372, 9919}
"i=20
{14445, 11270, 9758, 14399, 3723, 12794, 3099, 12180, 8073, 8286, 10354, \
14347, 5080, 4751, 3995, 10663, 10494, 12828, 8400, 0, 11386, 3324, 6753, \
13203, 6206, 14054, 10780, 11748, 5474, 9756, 6423, 10709, 6923, 7675, 6848, \
5423, 10860, 12265, 14876, 9149, 3000, 14916, 9891, 11612, 12088, 10666, \
7356, 9657, 5242, 5938, 7774, 8128, 3981, 5877, 6495, 4075, 3761, 9705, 8562, \
13350, 14720, 10337, 13256, 11398, 13568, 14353, 5429, 3452, 10646, 11990, \
14564, 5175, 11272, 7050, 6208, 12667, 13505, 13766, 4498, 6618, 6141, 11714, \
4955, 12013, 10862, 6702, 9615, 11858, 11894, 4050, 8649, 10869, 9025, 12308, \
13153, 4448, 10874, 3949, 6151, 4093}
"i=21
{3553, 7339, 12118, 10170, 9307, 11697, 14996, 13732, 7371, 7848, 7123, 4779, \
13352, 10597, 7063, 8358, 12586, 8568, 12639, 13660, 0, 13998, 10395, 13447, \
12190, 5369, 10525, 4693, 13409, 3490, 5603, 5976, 8168, 5604, 6067, 7513, \
14843, 4999, 4516, 4302, 6533, 7286, 12290, 13678, 14219, 9253, 4957, 3991, \
12345, 3968, 7084, 7569, 4097, 11790, 14007, 8165, 13623, 3086, 13759, 5146, \
11987, 7658, 11849, 6569, 6275, 5288, 5068, 5240, 6628, 9983, 14719, 8811, \
12237, 5107, 5546, 10452, 8340, 9275, 9768, 13034, 12778, 7302, 10855, 12019, \
3624, 10283, 3226, 13542, 8478, 5165, 7402, 14279, 4515, 7466, 9617, 12871, \
14310, 7364, 8979, 7249}
"i=22
{7993, 5823, 7401, 11992, 4996, 13853, 6001, 9675, 10943, 12958, 6091, 11374, \
9345, 7538, 8362, 7366, 11869, 12099, 6043, 11530, 4403, 0, 9122, 13477, \
11686, 3143, 11340, 13758, 6561, 12026, 12116, 3547, 9582, 9676, 9686, 14077, \
6488, 7733, 11528, 14108, 6664, 5106, 5654, 13724, 14148, 12777, 12165, \
12633, 13255, 14111, 10072, 3855, 11377, 8812, 13629, 13531, 3850, 8215, \
4318, 14297, 14336, 14293, 10535, 9105, 3940, 10356, 6179, 3051, 3758, 4507, \
4543, 5906, 6705, 14158, 10966, 9170, 10705, 7514, 8581, 10969, 11649, 11243, \
9682, 8680, 11444, 11920, 12229, 9978, 12763, 11404, 10399, 12307, 13582, \
10900, 14031, 10097, 11154, 6558, 10028, 4572}
"i=23
{4215, 3129, 12285, 10897, 14471, 7588, 5478, 10161, 8115, 7735, 9141, 4131, \
9556, 6705, 13963, 6178, 8865, 8410, 7195, 10748, 8597, 5038, 0, 9781, 14299, \
13450, 11913, 5806, 11772, 14555, 13516, 5150, 3925, 9883, 5249, 10902, \
13853, 5285, 14226, 4039, 12124, 13792, 3446, 11911, 9043, 9788, 3954, 13602, \
5399, 12683, 6015, 7668, 5806, 5179, 14361, 5180, 7249, 12205, 5257, 8433, \
7704, 11050, 7219, 10648, 11914, 8529, 6274, 12877, 13855, 10445, 8263, 8996, \
12183, 8827, 7546, 14211, 9361, 6133, 3654, 10343, 5984, 9967, 9787, 11571, \
11541, 3217, 5824, 10758, 8077, 13120, 13153, 5399, 3644, 12643, 9358, 5177, \
13883, 5216, 11738, 10596}
"i=24
{10560, 4489, 12943, 7382, 3118, 11196, 14163, 10793, 13972, 10159, 12250, \
9891, 3485, 5352, 11748, 10481, 3758, 8110, 8481, 6386, 9780, 8030, 4491, 0, \
10626, 8252, 14432, 8729, 7091, 11031, 4007, 5817, 6841, 10024, 14079, 9069, \
5824, 10117, 4719, 11093, 14449, 8498, 9814, 12134, 11162, 11964, 10140, \
7712, 5383, 10736, 9874, 11771, 4423, 8330, 10241, 12894, 13233, 9433, 8054, \
5812, 4179, 8137, 3619, 12989, 9416, 4896, 12135, 6947, 5991, 6457, 13364, \
6998, 5246, 5664, 7459, 11302, 5035, 12591, 7589, 13373, 10667, 12596, 12302, \
6342, 10593, 14273, 11502, 7428, 12288, 12395, 7634, 4579, 11575, 9569, 5994, \
14990, 12746, 13503, 8591, 5118}
"i=25
{9532, 11132, 9845, 11042, 3099, 8752, 6708, 12476, 11379, 9763, 8005, 12367, \
5936, 6738, 8386, 11316, 5125, 14783, 14596, 11389, 6788, 13560, 4706, 11033, \
0, 8522, 3785, 13922, 11991, 12130, 12197, 10025, 3183, 6363, 7721, 3838, \
11763, 5228, 13451, 3706, 8720, 14309, 14968, 13998, 13367, 4529, 13259, \
6391, 3718, 14238, 4214, 12255, 13802, 13042, 14605, 9088, 11589, 14530, \
13439, 13068, 10185, 14360, 14580, 3740, 11493, 12047, 9539, 8930, 3416, \
9235, 7079, 4968, 7182, 8206, 10931, 6606, 4985, 13240, 9112, 4418, 4008, \
13638, 3169, 5158, 14754, 12377, 4599, 13323, 13311, 9035, 9653, 12675, \
11231, 7044, 12655, 12967, 3815, 4647, 10838, 14031}
"i=26
{5547, 12211, 10937, 8815, 12894, 6178, 4830, 4683, 7212, 14805, 3270, 14363, \
9772, 7877, 13550, 3046, 13955, 14754, 11140, 6101, 7154, 5200, 3970, 11050, \
4985, 0, 11415, 6519, 4201, 7895, 8310, 8827, 13572, 4047, 11525, 14219, \
7551, 5223, 5757, 3855, 3055, 6374, 14536, 7582, 8371, 5494, 5566, 6862, \
11064, 13910, 3141, 8823, 8112, 5946, 13754, 3477, 7860, 13074, 4428, 9838, \
10855, 3824, 13562, 11974, 12831, 7320, 12087, 4427, 14367, 10552, 3697, \
14868, 13257, 5929, 7732, 8699, 10842, 8511, 3295, 10541, 7526, 5061, 12289, \
3897, 3602, 3533, 6523, 5234, 14589, 8216, 6062, 12550, 4832, 11723, 3992, \
9610, 9159, 11904, 8908, 4417}
"i=27
{7578, 14841, 5237, 12232, 9258, 3713, 7742, 3442, 9743, 3470, 12001, 14017, \
6762, 5402, 14061, 13791, 14131, 7080, 7516, 7310, 6061, 3935, 14099, 5642, \
7501, 5444, 0, 9143, 9290, 13853, 13237, 7284, 5642, 5112, 4289, 9023, 4596, \
8325, 7975, 4351, 3775, 12678, 7369, 7330, 7765, 12868, 5821, 7000, 12697, \
9489, 4429, 10228, 4637, 10291, 8143, 13702, 9584, 5200, 3241, 13476, 7124, \
7719, 13579, 3918, 13469, 13256, 7057, 8674, 13660, 5185, 3502, 6993, 10699, \
10567, 12506, 3792, 3604, 7767, 4919, 4201, 13723, 10603, 4054, 5452, 11703, \
9207, 11616, 7455, 6933, 11926, 9373, 14400, 8487, 8669, 7837, 3529, 5004, \
7313, 12824, 11694}
"i=28
{4508, 4256, 8076, 7991, 10560, 4341, 14834, 9410, 10526, 8656, 5950, 11603, \
3229, 12299, 5099, 10560, 5172, 11743, 4241, 4856, 8093, 12709, 13313, 13938, \
3954, 11161, 5787, 0, 5463, 6885, 12015, 4071, 8512, 3280, 8957, 7799, 12476, \
6780, 5796, 4452, 6871, 9869, 14954, 13872, 11059, 13684, 4494, 11504, 13289, \
10978, 5582, 12847, 7958, 4071, 12006, 13592, 12190, 4814, 7833, 8117, 5891, \
5632, 6923, 11459, 3540, 6236, 10646, 3505, 11837, 4734, 10946, 14429, 9689, \
3840, 5125, 10265, 10016, 5015, 11578, 10389, 3912, 12673, 12666, 7038, \
13405, 8564, 3230, 13637, 11063, 7571, 8341, 12963, 6000, 12659, 6081, 10355, \
12515, 5279, 14289, 14372}
"i=29
{10778, 5430, 7683, 10569, 3944, 7123, 3615, 11045, 14694, 8131, 3796, 12129, \
8299, 4484, 3135, 14047, 6251, 7103, 14360, 4493, 12904, 6116, 12146, 14338, \
5666, 9449, 8794, 4826, 0, 6746, 12025, 7273, 6659, 3850, 9940, 5302, 10607, \
3610, 4012, 10530, 6498, 7392, 12153, 14692, 9873, 9253, 5801, 11828, 8539, \
3756, 7695, 7867, 5096, 9618, 10912, 13373, 3184, 9430, 8303, 9298, 9484, \
9601, 9775, 14260, 7081, 10034, 9971, 3042, 13419, 5941, 6045, 13838, 14975, \
6725, 9261, 7883, 4768, 3288, 3884, 4403, 4247, 9881, 12725, 8529, 12669, \
5296, 7532, 4943, 5052, 6086, 6468, 5898, 12474, 9237, 8234, 9831, 8750, \
7091, 6107, 7147}
"i=30
{10583, 4231, 4167, 12394, 13510, 5696, 5814, 5061, 8238, 14473, 4779, 12770, \
8303, 7639, 7934, 14170, 8725, 14602, 8243, 10728, 3444, 7799, 10525, 5269, \
8075, 13454, 4386, 10030, 4922, 0, 10469, 4879, 9892, 3202, 10411, 11092, \
4867, 6215, 6957, 10962, 14215, 7749, 10386, 10342, 9812, 9277, 10424, 13620, \
8262, 8610, 3463, 10798, 8125, 3331, 4116, 12238, 8905, 9077, 13382, 12791, \
3609, 6919, 10858, 14543, 7674, 14036, 9245, 10749, 6659, 7794, 5604, 7398, \
4650, 3811, 9861, 13884, 14294, 7971, 7543, 12607, 10585, 13230, 14603, 7884, \
8402, 6081, 5740, 4461, 4668, 12256, 8847, 13705, 8605, 8483, 5584, 12120, \
13167, 3081, 5408, 4757}
"i=31
{10235, 4784, 13568, 4532, 3418, 11829, 6822, 3556, 8298, 11812, 8134, 10220, \
11030, 12705, 13380, 13518, 7603, 7247, 4743, 9989, 6687, 4086, 13023, 7190, \
8765, 10114, 9712, 4795, 13276, 6565, 0, 6713, 12195, 6355, 11367, 3197, \
9154, 11968, 14085, 12981, 6991, 4628, 7793, 8229, 12202, 3476, 9013, 11563, \
8848, 13462, 3744, 9167, 8523, 3297, 5887, 11998, 9645, 7207, 8012, 6403, \
11950, 9103, 7135, 6137, 11759, 6423, 14622, 7333, 5279, 8162, 6108, 11785, \
8906, 7116, 14874, 5937, 9501, 12245, 8258, 9130, 11601, 10200, 4042, 9352, \
4025, 13712, 6921, 10469, 8188, 5475, 5496, 10032, 3882, 6703, 4658, 6028, \
6043, 14430, 14675, 3378}
"i=32
{8260, 6118, 9412, 13304, 11778, 3651, 3701, 5829, 7099, 8773, 13477, 13065, \
5284, 13711, 8930, 12242, 6753, 8850, 13574, 6964, 5955, 3613, 8039, 6209, \
11581, 9614, 9939, 3488, 5608, 12514, 8361, 0, 12080, 3920, 9239, 4350, 3412, \
7068, 7970, 12307, 3952, 4015, 5211, 14563, 9600, 11126, 6812, 11127, 7324, \
14846, 10599, 4393, 13554, 4716, 5999, 5771, 13302, 4054, 4806, 10714, 5707, \
8298, 12983, 5337, 10047, 7994, 5639, 10034, 9197, 6470, 11813, 4622, 6690, \
12660, 9249, 14318, 13491, 13894, 9844, 5658, 6967, 7817, 9749, 5931, 14157, \
13280, 8677, 5996, 5000, 3241, 10074, 11388, 5950, 6929, 11173, 8129, 14286, \
10760, 11499, 4246}
"i=33
{7118, 13664, 9060, 7294, 3847, 12911, 6895, 3706, 8285, 13671, 13606, 10435, \
7902, 13982, 13003, 11228, 10256, 14865, 12465, 3907, 4948, 10994, 10471, \
5749, 12369, 10529, 13989, 14838, 5079, 12469, 10235, 4032, 0, 14894, 8433, \
4752, 7161, 9349, 11375, 13935, 5461, 12438, 7308, 7415, 11886, 7547, 6540, \
13335, 11535, 10306, 7289, 3097, 9743, 10765, 5800, 8388, 6585, 8770, 10501, \
3086, 8592, 5863, 12011, 10278, 4293, 6778, 13583, 8477, 13725, 3859, 9348, \
8556, 13120, 11542, 11809, 13606, 14602, 6272, 5805, 10210, 8723, 10137, \
7138, 4753, 13697, 9200, 8219, 12557, 12851, 9831, 7558, 12094, 14089, 13487, \
9304, 6311, 10608, 5917, 11515, 10627}
"i=34
{3060, 5429, 7928, 8989, 13601, 5523, 7290, 14811, 14600, 5844, 8924, 7125, \
7563, 6378, 13869, 7716, 14894, 3889, 14491, 9306, 11034, 12904, 14939, 3658, \
11800, 8008, 5802, 14199, 13833, 12963, 7733, 14561, 4784, 0, 5039, 8551, \
9166, 12135, 4515, 10507, 11917, 6549, 11469, 8855, 10846, 7850, 7400, 8422, \
9287, 12133, 8367, 8513, 12999, 6511, 10621, 6287, 8491, 5236, 3637, 11703, \
8466, 3329, 10115, 12950, 8677, 12895, 13082, 10511, 9810, 8033, 7994, 11746, \
5214, 6103, 12748, 7707, 4262, 12840, 11916, 13131, 10934, 5327, 8835, 6488, \
3409, 12246, 11169, 3124, 7685, 4400, 9404, 13299, 7716, 4094, 12665, 13925, \
4824, 5348, 3367, 13326}
"i=35
{14606, 13932, 6486, 8465, 3764, 14689, 8893, 14785, 12456, 6083, 9367, 4112, \
4115, 10832, 7043, 5248, 4192, 11979, 13299, 6357, 14759, 9877, 11981, 12303, \
6523, 14744, 7862, 8452, 14527, 8983, 4651, 13630, 6411, 3661, 0, 8005, \
13857, 7716, 14856, 10958, 14455, 5399, 11494, 6285, 10317, 9142, 14711, \
5220, 13541, 12661, 6180, 6290, 12742, 5875, 12860, 7678, 3649, 7449, 6305, \
5706, 12813, 7735, 5604, 9187, 4220, 4424, 13465, 4541, 7044, 9322, 11834, \
4963, 4263, 13416, 9528, 6202, 12925, 4322, 7658, 5728, 8112, 4123, 10501, \
3763, 13843, 12368, 5005, 3614, 14716, 5135, 5992, 7689, 14595, 5140, 14994, \
11198, 11048, 5151, 14611, 5959}
"i=36
{13417, 8494, 11921, 3579, 7453, 10068, 6989, 13434, 5389, 6817, 13053, \
12676, 11879, 6019, 6841, 7696, 12570, 4662, 11746, 4079, 8083, 10675, 4306, \
10179, 14775, 3980, 8316, 10580, 10440, 3653, 10641, 8231, 12117, 12642, \
14671, 0, 7691, 12910, 13596, 8655, 11021, 9893, 10843, 9094, 4678, 12829, \
10707, 7220, 7581, 4630, 9624, 13595, 11949, 7916, 7867, 13364, 13419, 10858, \
3304, 11651, 3559, 3257, 7513, 13827, 8066, 8901, 6216, 6734, 7289, 10640, \
5419, 4168, 6820, 8506, 13994, 9366, 10379, 5923, 5173, 12377, 7338, 5546, \
12650, 3408, 14361, 14864, 8643, 3150, 5005, 8547, 9698, 9666, 8580, 7590, \
8737, 5723, 8949, 3140, 4299, 6753}
"i=37
{6540, 11853, 12526, 14462, 11957, 5669, 9114, 7076, 10559, 11527, 9646, \
13676, 12329, 13183, 10675, 14650, 14295, 6072, 12480, 11485, 11050, 3897, \
14747, 13169, 7598, 4441, 10309, 14612, 7918, 12094, 9710, 6048, 9790, 9038, \
10297, 12682, 0, 10500, 5087, 9568, 5667, 8351, 3750, 3464, 14210, 12482, \
5365, 6336, 8856, 10155, 8981, 5069, 3248, 13687, 3856, 4301, 6159, 13002, \
3964, 10898, 13708, 3223, 14861, 7489, 5480, 6594, 5489, 7150, 14465, 7356, \
14572, 11002, 11028, 11956, 12420, 7399, 6754, 12206, 6365, 14987, 8774, \
4747, 9863, 6803, 9631, 12779, 9317, 8592, 5384, 6313, 5093, 9133, 9490, \
7752, 6127, 12876, 5975, 8554, 6686, 8599}
"i=38
{12227, 3519, 3405, 11701, 14199, 5553, 8048, 9235, 11722, 3048, 13363, 5942, \
13357, 7305, 12818, 11436, 7594, 11027, 3611, 7474, 6527, 3073, 14337, 12161, \
10313, 6114, 7478, 12127, 7841, 13512, 14897, 14206, 5193, 5145, 5208, 8232, \
8733, 0, 5823, 10688, 7082, 8064, 13728, 6153, 6938, 6968, 7196, 7890, 4869, \
8955, 7561, 5534, 6243, 11859, 3818, 13685, 7020, 6444, 3310, 13088, 10795, \
7399, 5675, 3411, 3777, 13290, 10519, 11370, 3113, 12197, 7720, 5588, 8066, \
3209, 4740, 14937, 14004, 4949, 13647, 13867, 11410, 7534, 7206, 9124, 7288, \
7287, 12695, 14563, 11338, 3186, 14526, 4558, 13752, 8177, 5654, 11464, 6960, \
11076, 5312, 10961}
"i=39
{7756, 5878, 6358, 14361, 12361, 8345, 4712, 4073, 8746, 5159, 13054, 11581, \
5907, 14925, 7243, 8059, 12161, 4399, 11641, 11062, 8733, 5363, 13498, 12359, \
6915, 3150, 12437, 14223, 7819, 6172, 7825, 8441, 3605, 4156, 10822, 5115, \
4992, 10472, 0, 6059, 12381, 9569, 3491, 10408, 10951, 4680, 11695, 12727, \
6074, 7703, 11709, 7704, 11168, 13715, 4414, 8276, 6160, 12024, 8493, 9141, \
6700, 4924, 10465, 13253, 5509, 6975, 9219, 7538, 12609, 8768, 9897, 6883, \
10341, 3502, 9724, 13028, 5610, 6559, 4476, 6258, 4588, 4882, 11326, 14134, \
8645, 10479, 4104, 13900, 8271, 11440, 4196, 11010, 10285, 11450, 3655, \
13437, 3419, 8437, 13164, 8013}
"i=40
{3711, 6677, 14589, 14401, 13405, 10864, 7198, 4220, 13446, 12473, 13050, \
10812, 10195, 8564, 6102, 8586, 12494, 9645, 13003, 11185, 8026, 3401, 9141, \
7488, 8182, 11438, 8307, 9266, 6761, 10269, 7294, 11455, 11716, 14136, 12371, \
13143, 13206, 11179, 5812, 0, 7336, 9637, 6361, 8707, 12673, 12659, 5987, \
4909, 14244, 4078, 9861, 10723, 14943, 5409, 9668, 9930, 13428, 12841, 14090, \
14191, 4355, 3731, 8604, 11063, 5633, 6674, 11781, 11354, 14173, 11615, \
13337, 9487, 9495, 5346, 9289, 11103, 8998, 3377, 7390, 6180, 14989, 7017, \
9055, 4473, 4505, 8631, 14734, 7435, 10596, 5969, 10849, 8535, 8431, 5569, \
13150, 9534, 8975, 6771, 10414, 10985}
"i=41
{14379, 13546, 8544, 8012, 3855, 12059, 4398, 8523, 4057, 5789, 5874, 8377, \
13518, 5282, 5463, 11817, 10296, 10928, 8266, 7455, 5159, 3802, 9814, 4003, \
11463, 14106, 14438, 10716, 11156, 10637, 7389, 12005, 5594, 9578, 6678, \
8057, 3969, 4169, 8439, 9267, 0, 4451, 7853, 11953, 9239, 14570, 4399, 12182, \
14570, 4461, 10441, 6608, 7862, 5926, 5230, 6527, 11752, 10294, 14121, 5272, \
8642, 12006, 6540, 7148, 6737, 5267, 8670, 10508, 13486, 12598, 4925, 8528, \
5246, 8491, 6204, 10350, 14238, 14406, 5965, 12884, 11654, 9198, 3160, 10438, \
6637, 12463, 6968, 6012, 9108, 4904, 5387, 11551, 13172, 9432, 8897, 6243, \
7531, 8651, 13104, 5656}
"i=42
{5499, 9233, 9987, 5037, 8431, 4180, 13525, 14594, 9724, 14151, 8185, 9037, \
8931, 13735, 10595, 7662, 10672, 4326, 9800, 12678, 5749, 6108, 11213, 13768, \
14424, 13569, 12450, 4451, 13764, 14806, 4041, 8359, 11706, 3662, 7139, \
12599, 4958, 14127, 13416, 6172, 11226, 0, 10523, 5258, 9095, 5782, 5866, \
13086, 8839, 6501, 11426, 13688, 3411, 6087, 7151, 8856, 9000, 5858, 4834, \
14901, 6610, 14300, 12747, 4703, 13721, 3839, 5298, 7177, 6846, 8864, 11356, \
5428, 5140, 3219, 10083, 5442, 3423, 11712, 6839, 9505, 4488, 4045, 8763, \
8208, 10241, 7970, 9966, 11803, 3667, 10846, 14964, 7619, 5749, 12029, 11574, \
4256, 9002, 13341, 6342, 10816}
"i=43
{10743, 11919, 6684, 13209, 4505, 11775, 14061, 11831, 8063, 11319, 11304, \
11147, 9632, 9714, 10866, 3671, 9821, 4809, 12416, 12737, 10601, 3070, 12089, \
3805, 11535, 5447, 7520, 9205, 10900, 12493, 9695, 6927, 12247, 8009, 5558, \
5824, 4230, 8585, 6857, 11655, 8192, 3433, 0, 11616, 4355, 10369, 13943, \
11717, 4094, 6215, 10901, 12141, 12792, 14865, 4577, 3663, 7515, 13972, \
10941, 7335, 8090, 13329, 9491, 3752, 7546, 5836, 5526, 11536, 14128, 4341, \
14194, 9111, 6319, 10116, 8284, 6207, 6439, 5187, 5774, 13228, 8515, 8688, \
6744, 13216, 9063, 10091, 13026, 11350, 14778, 7605, 8283, 4693, 14161, 8942, \
5372, 11417, 14477, 12048, 12694, 3686}
"i=44
{12837, 11583, 13596, 14829, 4125, 7492, 10931, 14089, 4404, 10409, 5743, \
5461, 9152, 8749, 10737, 5439, 10049, 13892, 9345, 10737, 11898, 5598, 4424, \
8372, 10743, 11761, 8672, 12111, 8859, 5116, 6174, 14496, 4123, 14021, 14516, \
6462, 13852, 4942, 12968, 7054, 10231, 12133, 5309, 0, 10937, 7375, 3561, \
10706, 10999, 6181, 10526, 11721, 6592, 14465, 13894, 9330, 6540, 8322, \
14195, 3437, 7400, 7174, 14767, 11908, 5951, 11580, 9404, 14875, 9246, 8206, \
9534, 3553, 11743, 11864, 10846, 10008, 11389, 10178, 4281, 10722, 11439, \
7625, 9997, 11257, 12378, 10917, 14384, 4108, 8501, 14753, 4371, 11269, 8687, \
6128, 8753, 7810, 5477, 8072, 3096, 9092}
"i=45
{7458, 11196, 8782, 4153, 9330, 8316, 14313, 5382, 9397, 5706, 12221, 10094, \
14061, 10391, 6779, 12966, 11064, 5085, 12882, 9382, 11873, 10210, 10031, \
12711, 10197, 13893, 9214, 4870, 6564, 13817, 8346, 7044, 11634, 8107, 11206, \
10589, 13521, 13336, 8212, 8416, 14074, 10945, 10526, 9900, 0, 5817, 14943, \
7471, 6181, 11543, 12232, 14090, 4038, 8720, 4100, 12825, 10736, 7644, 11145, \
12982, 8065, 8889, 10551, 14200, 8452, 3543, 4928, 4751, 7085, 12458, 7944, \
3655, 9097, 8141, 4330, 11482, 3948, 6993, 12698, 9014, 7777, 11050, 5523, \
12547, 9021, 5238, 7406, 11743, 9887, 7437, 10963, 3753, 9066, 13962, 10569, \
12505, 11296, 4516, 12608, 6687}
"i=46
{3168, 11126, 9289, 13858, 5854, 13053, 14041, 13608, 4973, 13721, 9551, \
4256, 14147, 12027, 7058, 3176, 4485, 7204, 10779, 14932, 7788, 13070, 3807, \
7413, 13782, 6884, 13486, 13636, 12448, 4951, 13635, 6459, 14724, 14834, \
12113, 13921, 4784, 6095, 12934, 10033, 11784, 6876, 3700, 13430, 5737, 0, \
6256, 14286, 11332, 4675, 12951, 10949, 5246, 9120, 6071, 5649, 3694, 5534, \
3692, 11795, 7941, 10012, 10705, 12049, 9483, 12261, 10105, 13158, 8909, \
8703, 7905, 10754, 10329, 7562, 13851, 7336, 6506, 4641, 14588, 9364, 5077, \
14445, 9492, 4718, 3752, 8387, 7120, 14409, 7976, 7309, 8429, 8747, 7309, \
11303, 7297, 12265, 13665, 3091, 3164, 10649}
"i=47
{3195, 9873, 7234, 14201, 3123, 3266, 7620, 7532, 14455, 9861, 11291, 11208, \
7300, 10304, 7063, 7524, 12723, 14987, 6280, 5333, 7908, 10058, 3510, 8817, \
12641, 10817, 3995, 13402, 13589, 9531, 11983, 8049, 14979, 13055, 10362, \
6613, 14328, 6873, 12168, 13083, 10668, 13902, 9290, 9275, 6420, 8257, 0, \
5496, 14476, 8327, 9369, 11893, 7440, 6383, 11609, 11387, 12488, 13221, \
11570, 14606, 11318, 4409, 12043, 9536, 11059, 10047, 9298, 9059, 12883, \
11355, 14488, 12990, 9304, 9753, 6939, 7569, 8618, 6510, 14936, 13869, 13135, \
5658, 10343, 7893, 8947, 4131, 3177, 11936, 5272, 7100, 6805, 7165, 4618, \
6566, 3708, 6760, 7823, 7037, 5147, 5495}
"i=48
{13359, 11047, 7082, 6743, 14394, 13000, 5678, 13327, 4688, 6828, 7893, 4741, \
8547, 3863, 14964, 7274, 13739, 9561, 3144, 4034, 5964, 5577, 4314, 5780, \
8058, 6900, 9615, 12525, 11446, 6782, 11020, 3279, 14554, 10647, 9881, 7925, \
5318, 9098, 7666, 7412, 4029, 7887, 3177, 11735, 11402, 14481, 8516, 0, 3357, \
5435, 4794, 8342, 6687, 9414, 5356, 10791, 11378, 13724, 7310, 7007, 11781, \
8745, 10234, 4924, 14340, 8738, 13032, 11685, 8314, 10521, 10516, 5130, \
12770, 12942, 14713, 8439, 12982, 9605, 10659, 13215, 12101, 8539, 8922, \
3428, 4613, 8844, 13691, 6611, 13476, 6510, 6979, 9991, 8698, 14497, 11759, \
14956, 6035, 11510, 11699, 7943}
"i=49
{5978, 11965, 6918, 4433, 14185, 7557, 6429, 6694, 6051, 3835, 10508, 11350, \
12545, 6644, 4687, 9528, 6622, 8260, 11043, 3820, 8944, 12218, 7544, 14209, \
11215, 12764, 7154, 8310, 12088, 3838, 10332, 8251, 10464, 8896, 7258, 11780, \
6222, 12107, 9089, 8607, 10690, 12681, 14809, 7441, 6276, 8639, 3633, 7751, \
0, 13701, 12477, 6208, 5780, 8972, 11512, 13893, 13226, 11306, 11207, 8550, \
7088, 13737, 8151, 4128, 14847, 12544, 9480, 9184, 11964, 8497, 4648, 9744, \
6819, 6707, 9021, 3628, 7705, 11731, 4203, 13441, 7280, 9436, 14661, 14487, \
11511, 10796, 12816, 9568, 6134, 3538, 6658, 4061, 5297, 11247, 3851, 5609, \
5518, 14253, 5070, 14326}
"i=50
{13084, 10193, 4863, 12760, 8971, 11179, 14133, 13264, 6558, 6931, 13819, \
6894, 3820, 8910, 4224, 4454, 10482, 6731, 11590, 9938, 7884, 5115, 14717, \
7703, 4975, 8211, 6504, 7388, 7803, 7101, 3428, 11027, 14864, 9519, 3331, \
11481, 11208, 10045, 7524, 3813, 8013, 14409, 9467, 8139, 3047, 11578, 12716, \
3410, 7324, 0, 7918, 13328, 13423, 5976, 9861, 8676, 13710, 5181, 11377, \
7286, 9301, 14706, 7158, 14533, 14767, 5632, 11084, 4376, 5720, 4392, 3004, \
5269, 5748, 9739, 12570, 10085, 12050, 10077, 8495, 5247, 10275, 5128, 4796, \
3727, 11934, 9462, 7713, 8390, 10689, 12086, 14498, 5389, 6928, 11984, 8943, \
11515, 9660, 9541, 3359, 12793}
"i=51
{6867, 12405, 8530, 7028, 14776, 12575, 7453, 14188, 10382, 13602, 3062, \
10475, 5324, 14132, 5705, 7699, 8993, 6008, 4831, 8864, 3762, 13307, 11717, \
5322, 11950, 13691, 11691, 8517, 12955, 12279, 12626, 6130, 6183, 6291, 3721, \
3499, 10453, 8480, 13476, 6714, 6407, 14339, 10616, 13066, 4952, 11010, \
10483, 3349, 4435, 5502, 0, 6257, 3072, 5352, 9386, 6507, 11643, 4263, 12614, \
6833, 8302, 3669, 14098, 13403, 12727, 9297, 4433, 5175, 4685, 10078, 11416, \
6592, 13602, 4627, 11210, 11725, 7372, 12965, 14120, 11027, 4320, 11709, \
11140, 5474, 13699, 14321, 7629, 6333, 5816, 3526, 14744, 11777, 11317, \
13299, 6690, 7695, 4851, 9350, 14994, 5968}
"i=52
{6077, 6678, 12092, 13184, 10348, 9751, 4141, 4153, 11323, 13515, 14530, \
6871, 4974, 10836, 6610, 9851, 14303, 7804, 11012, 13961, 9634, 5476, 4223, \
14648, 14809, 8403, 14142, 6614, 4426, 3548, 13036, 4829, 3010, 4004, 5138, \
14877, 10997, 9103, 3406, 11621, 3568, 11534, 11387, 5876, 14768, 14928, \
9629, 7732, 13655, 8642, 8903, 0, 6156, 13007, 6335, 4822, 5763, 12118, 3748, \
8452, 7880, 4409, 9953, 8487, 7779, 8686, 4747, 13831, 3367, 14076, 9547, \
12738, 10727, 4863, 3958, 8538, 9176, 10763, 6087, 9078, 13185, 9595, 10414, \
5064, 13271, 14476, 9710, 12750, 12441, 10998, 10116, 8342, 5723, 13389, \
11797, 9002, 6218, 13477, 11336, 4482}
"i=53
{9699, 7591, 11803, 7216, 5225, 5897, 14852, 9701, 12847, 14440, 11236, \
10682, 11163, 7090, 14886, 7554, 12082, 5469, 12495, 8259, 8322, 14855, 9231, \
3746, 8232, 11532, 8437, 5575, 12270, 13481, 8942, 9182, 4754, 11432, 6710, \
9487, 14125, 5915, 14340, 3598, 12375, 11998, 5505, 5878, 4394, 13096, 13548, \
8877, 4687, 10159, 10972, 7733, 0, 3557, 10446, 9949, 6191, 14327, 8766, \
13543, 12862, 4740, 14839, 4578, 12699, 6172, 3820, 12671, 6155, 11178, \
10338, 8496, 14766, 7603, 5046, 11569, 13092, 5404, 11217, 4084, 3627, 3629, \
7136, 6560, 6430, 12640, 4999, 9830, 7426, 14445, 11839, 9258, 10140, 10693, \
3153, 8441, 5889, 6802, 6293, 13498}
"i=54
{11082, 14376, 4714, 7275, 8774, 7809, 10604, 7661, 11993, 4808, 11276, \
13631, 5855, 7891, 4601, 12094, 3277, 5078, 9705, 3167, 8018, 6234, 10350, \
12894, 9317, 13521, 7077, 8603, 13844, 7502, 4421, 8882, 6341, 10490, 4128, \
14607, 8777, 8038, 10155, 12999, 4433, 3930, 9678, 6242, 5626, 5182, 11832, \
11883, 11401, 12230, 9512, 3199, 14130, 0, 4454, 8179, 7505, 10152, 9242, \
13309, 5376, 10884, 5635, 8996, 13228, 10285, 9531, 10443, 13729, 12593, \
9574, 8457, 14519, 9542, 7677, 11623, 6747, 6211, 6300, 7654, 14233, 13428, \
8452, 10028, 6852, 9009, 3629, 5480, 3515, 5760, 11387, 14845, 3408, 7140, \
11892, 8079, 6270, 7030, 11145, 12284}
"i=55
{8181, 5561, 6146, 4146, 13503, 12970, 11533, 12756, 9692, 5726, 8630, 13826, \
11695, 14470, 6348, 12863, 8275, 14369, 3683, 8369, 13317, 8777, 12480, 3911, \
8654, 5664, 6235, 8359, 14530, 12694, 12232, 7588, 10110, 10605, 3348, 12566, \
4316, 14248, 7492, 8490, 8211, 3556, 11217, 9712, 5825, 5551, 10615, 14960, \
8569, 13141, 7837, 10988, 4796, 3976, 0, 11074, 10862, 6071, 3749, 4938, \
11434, 13761, 9779, 5546, 7643, 10989, 13791, 5607, 14038, 5731, 14270, 3671, \
12120, 13564, 6169, 9675, 10646, 12941, 6544, 4504, 12966, 11518, 10178, \
6892, 10069, 6260, 7941, 12997, 9448, 13355, 4354, 10330, 11163, 10874, 8111, \
11352, 7504, 13144, 11396, 5474}
"i=56
{10770, 10720, 7444, 9921, 9658, 3316, 14411, 6502, 7467, 9161, 9899, 11825, \
7041, 8530, 7434, 14757, 14713, 9584, 9768, 6657, 11991, 13267, 8633, 13872, \
9783, 4697, 8522, 9334, 7723, 13567, 4712, 8620, 5756, 7941, 12015, 11073, \
4967, 13134, 7341, 8925, 11422, 9664, 12771, 6617, 8582, 13206, 3823, 4136, \
11977, 5328, 4917, 5669, 14828, 12760, 7905, 0, 6188, 10062, 14223, 6889, \
5107, 4338, 11475, 7966, 10309, 8606, 14664, 4362, 3860, 6297, 10260, 3631, \
14764, 6966, 10390, 9820, 13504, 6279, 5132, 5001, 4628, 5868, 14569, 4131, \
4275, 12027, 13953, 14667, 8404, 13280, 7048, 7469, 11915, 10702, 11514, \
10756, 8315, 3530, 14588, 14611}
"i=57
{11027, 7890, 3498, 10221, 9247, 3663, 13861, 14020, 11475, 6960, 9421, 4849, \
11034, 13486, 10244, 13245, 14504, 4458, 5725, 12807, 4254, 4407, 14336, \
3453, 6287, 3933, 13716, 13122, 4343, 5821, 4900, 5562, 7235, 12168, 11717, \
6303, 9509, 14571, 14159, 11123, 10623, 7222, 13818, 12433, 11001, 10376, \
14388, 10044, 11435, 3152, 7702, 7835, 12113, 7449, 7919, 4589, 0, 9247, \
7157, 14697, 4534, 3049, 7406, 3668, 8360, 4006, 11569, 8928, 3881, 5456, \
14013, 4513, 8643, 5884, 13558, 8625, 10107, 10183, 14394, 5262, 5020, 13120, 
  11867, 6473, 3800, 3230, 6780, 9915, 5740, 3888, 6265, 5784, 13792, 13718, \
8575, 8140, 10043, 13544, 6059, 6601}
"i=58
{11732, 5756, 12546, 7470, 9552, 9618, 4404, 5894, 8452, 8950, 8675, 3021, \
8473, 3009, 4327, 13245, 3176, 13205, 5787, 6686, 6907, 14175, 6324, 12314, \
11009, 7185, 6231, 14158, 11306, 14605, 4454, 14738, 14864, 12777, 4480, \
6248, 7971, 11297, 5006, 8797, 7754, 12068, 10208, 11660, 11066, 8728, 6763, \
12877, 3970, 12368, 6057, 7235, 14528, 8914, 11654, 14966, 5574, 0, 14588, \
5849, 5557, 6210, 9639, 11029, 6729, 8242, 12243, 6063, 4024, 8963, 3701, \
14999, 14798, 4034, 13746, 9996, 13483, 5516, 12544, 12754, 6203, 6385, \
10676, 10565, 12710, 9378, 13951, 4216, 8288, 10129, 6726, 5589, 14424, \
10528, 14123, 12602, 12956, 12612, 9223, 13426}
"i=59
{12654, 11141, 3651, 12484, 5334, 6930, 6205, 12918, 7586, 9349, 8754, 8755, \
13157, 10721, 10443, 4257, 14731, 14753, 8978, 8393, 4023, 10988, 3409, \
13641, 4926, 13055, 14782, 13078, 10982, 10814, 3387, 13411, 8780, 12197, \
11403, 11103, 4983, 9371, 11388, 6120, 7908, 6048, 9061, 10997, 6261, 10265, \
3094, 4035, 4140, 10427, 12726, 13969, 8121, 13740, 6779, 8113, 7785, 14515, \
0, 3294, 11239, 11654, 14594, 8589, 13579, 11415, 6560, 11182, 10875, 11795, \
7518, 8970, 9312, 5417, 7885, 6612, 10211, 5580, 4627, 10212, 8477, 9434, \
12698, 11760, 3135, 4002, 12775, 10215, 6295, 8286, 12223, 9754, 14474, 7892, \
9573, 6513, 10929, 3368, 14091, 7937}
"i=60
{14298, 8442, 13963, 10662, 3020, 11699, 6991, 4358, 10582, 7388, 13944, \
9228, 8458, 6951, 3337, 3275, 8834, 4655, 8397, 11743, 10924, 14558, 5171, \
6877, 6384, 8673, 9251, 12252, 13449, 11192, 9703, 9317, 8847, 5381, 10094, \
7765, 14425, 3610, 10509, 4720, 5494, 9431, 9963, 13082, 10813, 10126, 5046, \
4390, 7836, 10568, 13173, 10814, 7866, 9796, 9686, 4047, 8818, 8023, 10702, \
0, 7031, 6883, 14855, 6249, 3509, 5558, 14396, 5307, 9793, 12726, 10979, \
8345, 4113, 9074, 6872, 14969, 8242, 3996, 10325, 5168, 7498, 4108, 7933, \
9330, 9104, 4500, 5462, 5812, 13932, 3639, 14267, 4535, 11629, 10794, 7032, \
13761, 3733, 9792, 5667, 5517}
"i=61
{11613, 11497, 11953, 13035, 10723, 8125, 6276, 12168, 14082, 3811, 13895, \
9510, 13364, 11511, 6065, 5587, 3762, 9590, 10864, 14867, 9482, 9672, 14483, \
9300, 8416, 13441, 11318, 12431, 13636, 3720, 3507, 5954, 9160, 12420, 14170, \
13456, 9975, 9159, 7867, 6286, 13315, 9231, 4419, 4354, 13297, 5336, 5971, \
5053, 4533, 7756, 8554, 9370, 3700, 7090, 13650, 3890, 4949, 14135, 11946, \
14839, 0, 13865, 3484, 10164, 3168, 9224, 10231, 11075, 11432, 9392, 6009, \
5305, 7102, 9091, 11565, 13131, 3515, 4348, 4602, 8032, 14031, 11023, 14832, \
13206, 4008, 14009, 5417, 7412, 7298, 6979, 11213, 14173, 9357, 9708, 12533, \
13104, 9400, 13753, 10732, 12418}
"i=62
{12617, 9656, 4672, 12365, 6901, 8803, 4115, 13903, 8105, 14114, 10125, 6547, \
9657, 6794, 12327, 10464, 11557, 12359, 5859, 14776, 5672, 6638, 4486, 13623, \
3436, 13069, 11667, 12458, 10168, 12537, 11484, 4652, 11493, 8952, 3472, \
3899, 13481, 10339, 13479, 9599, 4489, 10836, 4110, 3475, 4671, 10180, 4302, \
6045, 3400, 10504, 9742, 14008, 10408, 8588, 3631, 11941, 14815, 11697, 4268, \
3585, 9389, 0, 12160, 12977, 3503, 6097, 6040, 5093, 6464, 8539, 7558, 14231, \
13027, 11912, 13094, 7540, 4985, 13025, 5728, 11026, 4773, 5885, 11007, 3602, \
14923, 11322, 9514, 8317, 8233, 9488, 11253, 10262, 13364, 11157, 7266, 3653, \
5810, 12012, 5520, 14007}
"i=63
{10763, 13686, 3611, 9011, 3985, 13213, 3957, 4626, 10762, 5239, 10610, 8466, \
8798, 9402, 12662, 14248, 8396, 9703, 13638, 14292, 12820, 11984, 14295, \
4420, 11775, 8447, 12150, 12358, 14583, 10291, 12921, 6337, 4106, 14508, \
11524, 6867, 9101, 5230, 3325, 4156, 10930, 14072, 4682, 5332, 9416, 9000, \
8029, 5569, 10440, 5617, 13563, 4134, 9912, 14725, 14866, 3684, 7720, 5220, \
8316, 6943, 11866, 14996, 0, 4392, 12387, 13803, 11984, 3394, 5741, 6487, \
13851, 6731, 7696, 5214, 12215, 11691, 13872, 13574, 4679, 13449, 4575, 3549, \
3581, 8087, 3876, 4494, 11769, 4917, 12423, 11518, 9804, 9264, 12115, 14705, \
14659, 3738, 5554, 8882, 12671, 9001}
"i=64
{6081, 6714, 7527, 13862, 3726, 9612, 11939, 10405, 5919, 7966, 4748, 10025, \
10096, 10756, 11253, 13641, 7496, 6520, 11239, 13325, 9015, 9953, 11213, \
13316, 13618, 7405, 4650, 6746, 9769, 9463, 6628, 4261, 9840, 7919, 12195, \
10506, 6786, 7993, 6723, 9447, 8645, 3762, 5626, 11560, 8093, 12038, 4535, \
3105, 9892, 6795, 12717, 4031, 7456, 8195, 6752, 13311, 6110, 12864, 13992, \
10344, 3696, 7736, 3090, 0, 12604, 11997, 3541, 7779, 6028, 11620, 6337, \
3724, 8917, 4485, 8412, 8644, 14153, 3863, 3328, 6119, 11855, 5889, 6367, \
5732, 6071, 5720, 8896, 7032, 14606, 5219, 10257, 4645, 11642, 8300, 3044, \
10713, 13880, 5760, 3116, 3480}
"i=65
{7062, 5028, 8916, 3376, 7236, 14049, 13535, 7633, 7104, 11895, 9492, 13258, \
11453, 11115, 10410, 3005, 7735, 6757, 10043, 14918, 13244, 12154, 13817, \
3480, 14205, 13582, 5788, 12245, 14277, 4504, 3380, 14816, 10863, 4152, 9744, \
4444, 6935, 3115, 3590, 6464, 7537, 7401, 13815, 10828, 12546, 12070, 12991, \
7135, 6427, 12684, 5768, 3151, 3917, 8460, 13667, 6809, 10130, 12093, 7260, \
7008, 8942, 12095, 13673, 5634, 0, 7048, 8032, 9941, 7943, 7264, 14427, \
13466, 12026, 13982, 9026, 10978, 6405, 4892, 10966, 3779, 11766, 6633, 3761, \
3004, 10836, 8272, 14157, 3637, 12214, 7053, 4881, 11382, 5392, 9231, 10046, \
11262, 7263, 5493, 3012, 13327}
"i=66
{5050, 11612, 5444, 13048, 11233, 11525, 13792, 10525, 11310, 11456, 8661, \
3747, 10581, 6883, 4931, 9436, 10250, 11729, 10873, 3354, 10851, 12739, 6760, \
11296, 14910, 13761, 5349, 11699, 4012, 3121, 14076, 11765, 6908, 3017, 10559,
   10134, 10860, 10141, 8359, 11067, 12255, 12157, 4406, 5300, 5327, 5937, \
7020, 5509, 14476, 9914, 10003, 13970, 12338, 13474, 9623, 5139, 3730, 7048, \
8959, 10395, 7459, 14770, 7781, 12742, 6834, 0, 6125, 7501, 8801, 10901, \
8015, 4996, 10167, 13269, 8909, 5552, 6079, 11899, 6967, 6342, 11303, 14653, \
8137, 11433, 10855, 4112, 9529, 14958, 5283, 5570, 7386, 13959, 5023, 6980, \
5979, 11202, 4192, 5712, 12209, 11133}
"i=67
{3971, 11470, 10240, 4394, 10283, 14441, 9568, 7646, 9743, 8738, 14173, 4030, \
11783, 14998, 5014, 3456, 12870, 3027, 4576, 6714, 11231, 7927, 14296, 10765, \
11996, 3310, 5036, 14100, 12357, 11764, 9235, 13663, 3790, 10893, 7055, \
12158, 9668, 13877, 7304, 10777, 12755, 12045, 11215, 6286, 8216, 8456, \
11755, 10983, 4783, 7622, 5740, 3298, 11011, 5417, 12650, 8864, 5896, 7490, \
3334, 6754, 12550, 12341, 11120, 11511, 7193, 7617, 0, 13669, 14903, 5487, \
4052, 11464, 3869, 14958, 8531, 9866, 8809, 12933, 6256, 10343, 4527, 3087, \
11262, 14818, 10100, 9694, 12936, 8066, 11884, 4107, 10060, 12235, 4109, \
8900, 5300, 14744, 11489, 8574, 9066, 12364}
"i=68
{3656, 11664, 12086, 9998, 8370, 4365, 7438, 14538, 12682, 9053, 8686, 4226, \
6141, 10108, 6020, 12955, 11334, 9288, 12370, 11345, 11034, 3036, 12127, \
8939, 14863, 7807, 9542, 12850, 12018, 11789, 7996, 8749, 4552, 13526, 8752, \
4638, 13098, 10008, 9604, 6221, 9787, 11229, 3082, 14753, 10169, 7219, 13095, \
4950, 7357, 10840, 13757, 4042, 12010, 3386, 7209, 12667, 7161, 11307, 5680, \
3839, 12780, 11199, 7546, 4918, 3297, 8933, 9895, 0, 9442, 11003, 12970, \
8546, 11785, 10581, 10573, 3274, 13368, 11496, 13155, 4641, 13333, 14751, \
7470, 4919, 10220, 4817, 13488, 9491, 13308, 9028, 3193, 7950, 13889, 4936, \
9730, 8285, 3958, 5470, 14397, 3665}
"i=69
{13452, 13598, 13878, 9264, 13280, 11476, 6957, 7148, 11312, 9970, 11329, \
10474, 8718, 5540, 10449, 3246, 10942, 7522, 10468, 7804, 8813, 9581, 10073, \
10516, 9718, 10061, 12099, 4967, 14854, 6946, 4450, 10247, 3213, 9532, 10744, \
5159, 9154, 13859, 9580, 3354, 10161, 6392, 10199, 13377, 6274, 6771, 6141, \
6022, 11382, 14336, 6017, 9038, 14114, 12313, 10964, 10984, 13001, 12604, \
4459, 7993, 8237, 5394, 14930, 14782, 4020, 9651, 8489, 6721, 0, 7539, 9956, \
10707, 6236, 10512, 5398, 10371, 6075, 11896, 4439, 12446, 6854, 13118, \
12600, 11210, 10383, 13688, 3336, 5765, 12217, 11091, 8561, 4596, 11519, \
9773, 6243, 12124, 12021, 5888, 12932, 13181}
"i=70
{5830, 10994, 13703, 6333, 14800, 8030, 4454, 12888, 5590, 8291, 13784, 7291, \
8516, 11160, 8477, 12817, 5647, 7984, 8712, 6296, 7976, 13811, 13657, 8382, \
6193, 10941, 8287, 6262, 7378, 13822, 14314, 7087, 5902, 7671, 12569, 13486, \
11654, 14695, 3377, 14687, 13082, 9160, 11218, 10617, 10262, 11214, 10441, \
3597, 4227, 4051, 10303, 12086, 14237, 3606, 12064, 8182, 10777, 5751, 11827, \
7794, 12729, 3913, 4339, 9127, 13744, 14982, 5580, 8481, 6514, 0, 4651, \
11335, 6369, 9764, 6439, 8382, 7271, 7741, 5083, 11570, 10444, 7716, 11677, \
9094, 5593, 13210, 14767, 14068, 11568, 3164, 6335, 5440, 4900, 9837, 13197, \
9173, 8497, 4806, 11840, 4149}
"i=71
{11275, 4736, 12256, 3075, 9499, 4841, 10792, 5106, 11718, 11732, 4895, 6830, \
3171, 10601, 8225, 5456, 9351, 12454, 6524, 4842, 9751, 13342, 4569, 4349, \
7460, 13913, 3827, 6148, 14852, 7001, 5217, 10288, 7742, 6888, 7701, 7048, \
13741, 5225, 13144, 12583, 11030, 6642, 3376, 4162, 10303, 14499, 10347, \
13015, 6676, 7243, 13205, 5657, 10173, 8156, 14996, 9706, 6567, 5285, 5304, \
5259, 13322, 4427, 7972, 12812, 11929, 10460, 4140, 9216, 3123, 8234, 0, \
12490, 10419, 9852, 8544, 11426, 8795, 13022, 4242, 10126, 12478, 7037, 9623, \
9795, 4724, 5559, 3932, 9530, 4387, 6984, 9822, 7571, 8816, 11674, 14948, \
8364, 11351, 7303, 13014, 12910}
"i=72
{10589, 14848, 8225, 11470, 9809, 11564, 6848, 14651, 14499, 12695, 9117, \
11278, 5514, 7813, 11370, 10713, 8591, 15000, 10914, 10102, 10119, 5597, \
12573, 6241, 8280, 13313, 8455, 9087, 10942, 6522, 7274, 7936, 9204, 11063, \
12133, 6718, 5578, 4224, 4580, 10665, 12445, 10256, 14288, 10284, 12992, \
5092, 14517, 11606, 11894, 4180, 9078, 13525, 6011, 12625, 5574, 3314, 8705, \
7806, 4573, 12849, 4483, 14237, 11285, 13598, 3959, 7548, 5475, 7817, 14480, \
4279, 6134, 0, 13629, 12826, 10970, 5660, 6058, 4613, 12840, 12150, 4750, \
5234, 6113, 6580, 8601, 5512, 4297, 13838, 11943, 7092, 13355, 9412, 12302, \
9790, 14742, 9946, 3746, 12924, 10476, 13911}
"i=73
{5176, 10395, 4761, 11118, 14490, 5067, 11950, 3312, 9179, 4469, 10753, 8340, \
10614, 3605, 4865, 11842, 5240, 12621, 5847, 4831, 12154, 13442, 8937, 13946, \
4624, 5830, 9964, 8964, 12994, 8408, 13179, 7886, 8213, 9206, 3434, 7875, \
6653, 14174, 6828, 3001, 12029, 14892, 5091, 14852, 14193, 6820, 3960, 10171, \
5172, 5848, 9694, 7428, 8765, 3704, 6742, 14845, 3379, 7834, 4084, 7120, \
4745, 12468, 9341, 6319, 6059, 13068, 6465, 3366, 8233, 3473, 4071, 14223, 0, \
12579, 9879, 9637, 12084, 6271, 11774, 8818, 4535, 4937, 6031, 11557, 7677, \
7246, 9214, 11678, 10920, 10769, 11838, 6817, 13362, 10519, 14566, 10906, \
14213, 10278, 14455, 8791}
"i=74
{9503, 6934, 9990, 12757, 10523, 4533, 12491, 5659, 12307, 12938, 3301, 7324, \
10299, 9935, 13326, 3246, 10297, 8391, 3778, 12411, 4543, 5821, 13457, 7382, \
6641, 12814, 14652, 8185, 3044, 11090, 6601, 11022, 10631, 6171, 7956, 14805, \
8414, 4045, 13109, 12440, 6395, 13891, 4119, 6634, 3248, 10422, 6919, 11128, \
4274, 4671, 10809, 8381, 9996, 7197, 11986, 14260, 10428, 12179, 13683, \
11003, 9704, 5877, 11278, 4267, 7940, 4398, 13245, 13036, 6097, 4636, 11339, \
8822, 6474, 0, 14603, 6934, 5605, 5738, 4559, 13173, 10540, 9272, 14764, \
9560, 9192, 5216, 10638, 5475, 3953, 3958, 5321, 14889, 8332, 7923, 7554, \
8282, 13160, 5241, 6904, 14048}
"i=75
{4564, 9746, 7885, 10236, 12554, 12150, 10737, 9726, 8149, 3494, 12945, \
10179, 9112, 5326, 12704, 7522, 3471, 3542, 9887, 9377, 3768, 13907, 4105, \
14491, 14961, 3313, 5924, 13577, 3256, 10283, 8038, 12630, 11420, 3875, 4705, \
7841, 5480, 6197, 7421, 8973, 9792, 12628, 9422, 13409, 12734, 3033, 3806, \
6621, 3145, 8917, 9322, 3675, 11702, 9822, 11808, 6569, 11839, 5238, 6511, \
13080, 13460, 10847, 7866, 14442, 10786, 14601, 9234, 3184, 8364, 11653, \
3334, 12160, 9235, 6990, 0, 8674, 13902, 9114, 9254, 12481, 10433, 13720, \
10513, 10759, 6322, 7185, 4376, 11103, 3184, 14909, 14572, 8916, 13718, 3123, \
10192, 14048, 4750, 4268, 11475, 7405}
"i=76
{5332, 11743, 11128, 6759, 8039, 9368, 13616, 4742, 12602, 3886, 3911, 8479, \
6127, 13785, 5970, 5943, 5320, 9736, 12524, 5994, 6520, 14090, 8874, 14787, \
6631, 7812, 4024, 13640, 13216, 10078, 3997, 14026, 5339, 3320, 12308, 5149, \
3920, 13854, 7425, 9248, 4288, 5321, 6036, 12416, 14720, 13294, 7160, 7382, \
5782, 3373, 13789, 6933, 9805, 12013, 8447, 3720, 11664, 13604, 7633, 4930, \
6248, 8565, 14227, 6357, 9607, 3094, 8429, 5275, 6582, 12771, 13825, 4117, \
9063, 5492, 12413, 0, 13959, 11017, 5532, 6294, 11317, 12625, 11158, 6655, \
14148, 5926, 9629, 5363, 5656, 13200, 5502, 5314, 10396, 5561, 3931, 13495, \
11636, 3907, 12598, 14217}
"i=77
{6567, 12466, 3141, 10259, 5932, 3841, 9632, 7765, 12470, 6393, 7166, 12283, \
14192, 9317, 9583, 7606, 9384, 3475, 14892, 5381, 9709, 6697, 6153, 14001, \
9260, 10999, 14267, 9026, 9866, 11686, 11953, 14538, 14117, 10388, 14167, \
10016, 7567, 3099, 3326, 8451, 3007, 13190, 11409, 14548, 3533, 9009, 6317, \
12885, 5348, 5132, 7306, 6580, 11109, 6755, 11132, 3737, 7191, 3037, 12013, \
12789, 4619, 12596, 5933, 11127, 3864, 12900, 9647, 5487, 11719, 4402, 10724, \
8352, 4579, 8649, 6161, 14500, 0, 7434, 9082, 7139, 12057, 4345, 4560, 9842, \
5998, 7383, 4508, 8990, 7344, 11216, 6451, 11595, 7609, 10525, 12657, 8685, \
6506, 8599, 6042, 14960}
"i=78
{6368, 6397, 10101, 13936, 11030, 12996, 14426, 3840, 7776, 8371, 10928, \
10300, 13957, 7149, 10779, 3021, 11293, 8170, 3520, 6368, 13193, 3354, 8768, \
13349, 10060, 13975, 4779, 8812, 8252, 10514, 3507, 13242, 6110, 7066, 4753, \
7685, 3414, 4285, 5892, 10634, 6269, 3045, 7301, 6367, 6163, 4490, 12325, \
3121, 14210, 3053, 8613, 3717, 9795, 7019, 4541, 11563, 9098, 14696, 4073, \
11646, 8613, 12683, 8356, 9046, 5109, 14737, 13693, 6107, 14317, 11030, \
10040, 8347, 7507, 7335, 13333, 7519, 7263, 0, 9587, 6225, 6384, 12062, \
11087, 7988, 6880, 5197, 9763, 13695, 5797, 3569, 5514, 10146, 5639, 4825, \
4961, 13430, 8253, 3163, 8311, 8544}
"i=79
{12714, 4429, 12547, 14986, 5230, 13761, 3197, 12748, 13333, 8785, 7727, \
13010, 11788, 12107, 12830, 13542, 11256, 10699, 11680, 5225, 5652, 8170, \
4694, 5348, 14112, 14920, 12182, 7745, 11576, 3913, 7695, 10351, 11793, 3793, \
9392, 9768, 3971, 4326, 14593, 6349, 6494, 11163, 4784, 6380, 11887, 11828, \
9010, 9770, 12292, 5683, 14623, 7727, 14038, 9137, 6909, 13922, 9036, 12472, \
6912, 9057, 14480, 14659, 8303, 14466, 13272, 4967, 4186, 14984, 11911, 7289, \
14512, 11373, 10643, 3833, 9855, 4352, 14864, 3341, 0, 11026, 14930, 7125, \
4190, 7873, 4049, 12426, 6577, 9601, 8186, 6430, 13127, 6620, 3348, 9709, \
7155, 9688, 5534, 7101, 13405, 13729}
"i=80
{3113, 8021, 6969, 14416, 8500, 6761, 9518, 6653, 12884, 4224, 12659, 9414, \
7633, 9470, 6433, 14691, 13602, 7629, 9882, 5451, 4288, 10786, 3758, 6565, \
14884, 14840, 9329, 6198, 8509, 9823, 13221, 6639, 9136, 8809, 12042, 14733, \
10418, 6233, 8040, 7208, 4190, 5939, 11757, 12564, 12677, 13317, 9562, 6220, \
6904, 11694, 4434, 7047, 11525, 14746, 5850, 4590, 3526, 14830, 3888, 14218, \
11847, 10423, 7524, 9218, 4842, 14679, 9949, 10401, 5369, 11403, 8951, 10550, \
7551, 5474, 8173, 4409, 8673, 4713, 9418, 0, 14021, 14451, 11923, 6638, \
12268, 8304, 6293, 8967, 14170, 4003, 7952, 5378, 4109, 14579, 14498, 9003, \
6863, 6719, 13920, 11975}
"i=81
{11625, 13003, 14651, 4255, 6708, 10444, 14688, 9252, 13441, 14962, 14146, \
6098, 14028, 6975, 8200, 11667, 13087, 4281, 10824, 4374, 6184, 3080, 6302, \
12895, 11042, 6017, 5242, 9895, 6745, 11751, 10505, 12173, 6563, 11446, 6937, \
12121, 5165, 4722, 12377, 6751, 7097, 10458, 12951, 8445, 13087, 6542, 7281, \
11524, 5474, 13694, 6522, 10553, 7978, 7261, 8440, 6849, 9672, 14340, 11850, \
4790, 8486, 3093, 10605, 12174, 9780, 14631, 7811, 13847, 8532, 11878, 7937, \
5385, 9177, 11339, 14358, 8840, 10163, 9674, 8704, 12247, 0, 3055, 5354, \
13090, 10686, 13848, 4805, 4320, 4395, 6757, 10109, 13202, 6273, 12118, 9808, \
12479, 6368, 13044, 8977, 13679}
"i=82
{5319, 14085, 8859, 12260, 6789, 3728, 8285, 6155, 3394, 11111, 12797, 9644, \
6412, 7756, 13692, 3585, 6038, 7907, 4651, 13679, 10096, 5153, 4323, 4382, \
4031, 10711, 10919, 5287, 3862, 3381, 6585, 5863, 11810, 8276, 13350, 10525, \
14242, 13275, 9475, 9273, 3023, 4004, 3771, 7757, 6534, 10471, 14485, 6879, \
6643, 9163, 14448, 5213, 3892, 8031, 7575, 13131, 13367, 12741, 14130, 10492, \
7155, 8676, 5399, 6244, 14944, 13286, 4947, 3244, 5559, 6043, 13330, 14782, \
13612, 8063, 7916, 9873, 12923, 13452, 5650, 7853, 3553, 0, 14452, 14542, \
11252, 5446, 9419, 12154, 13007, 8800, 13156, 14275, 7095, 4081, 12157, \
10647, 8575, 4231, 6764, 12029}
"i=83
{6762, 13087, 5735, 7184, 9486, 10171, 9920, 10502, 6704, 8979, 6654, 12730, \
8680, 4575, 11500, 11330, 13948, 5492, 3091, 6939, 14721, 14286, 9966, 12488, \
13057, 13855, 4146, 9858, 10256, 10077, 6085, 3000, 7579, 12166, 12794, \
12605, 4337, 6859, 9947, 4055, 13087, 7021, 8343, 3332, 3198, 10135, 13991, \
11751, 3845, 4839, 11723, 5960, 6255, 12504, 14710, 6681, 9929, 7986, 13993, \
13419, 14890, 4619, 4800, 4186, 12093, 6961, 5160, 10306, 11001, 14724, 7294, \
10357, 9280, 4838, 12345, 9046, 9721, 9794, 5460, 7909, 3972, 9413, 0, 14818, \
14294, 11007, 7433, 5872, 6650, 11147, 11810, 9620, 3271, 14330, 14918, \
10735, 14529, 11472, 4986, 6094}
"i=84
{3244, 13828, 5292, 4807, 8349, 5871, 10551, 13312, 12182, 14042, 5616, \
12387, 10372, 4883, 8125, 4009, 5970, 14269, 13773, 10631, 14187, 10250, \
8679, 3035, 13729, 4403, 3667, 14371, 3242, 5161, 5281, 8155, 8078, 4973, \
7489, 6383, 12819, 12844, 12628, 9030, 13343, 3327, 14863, 6270, 11839, 7356, \
6549, 9097, 14462, 8081, 3744, 9318, 8128, 5264, 10715, 8516, 6319, 7951, \
5739, 7505, 4900, 12430, 13036, 5949, 10663, 14802, 13081, 6912, 12590, 6255, \
4074, 6758, 12586, 5694, 14140, 5880, 14602, 9361, 9330, 12462, 9217, 14180, \
4709, 0, 6342, 13356, 13517, 6279, 5963, 8607, 14686, 13361, 8546, 8220, \
3936, 14192, 7417, 11138, 12183, 9028}
"i=85
{10336, 6057, 6500, 11309, 9302, 7974, 12902, 7212, 10563, 9714, 5710, 3585, \
10286, 4279, 9137, 14085, 11659, 6733, 7406, 11323, 9866, 11522, 14755, \
14652, 13172, 7267, 12020, 10637, 4750, 6937, 12896, 13583, 5170, 8137, 5676, \
7499, 8586, 14822, 13373, 8111, 11744, 6925, 12706, 5273, 3148, 8790, 3229, \
12527, 10939, 9016, 5249, 10381, 12140, 12782, 8068, 5712, 9332, 14403, 4693, \
3941, 12880, 11923, 9822, 12513, 9990, 11847, 4107, 6633, 6822, 3916, 10263, \
12300, 8783, 4289, 13489, 12676, 9243, 13585, 11369, 3920, 11690, 12815, \
8615, 8045, 0, 6246, 6279, 8115, 12730, 12125, 7936, 7230, 8475, 6346, 4659, \
3151, 10648, 14079, 4618, 11621}
"i=86
{12565, 12009, 5019, 11460, 8153, 5810, 8759, 7146, 5667, 14833, 9494, 8146, \
4191, 6506, 12975, 14084, 13846, 12236, 9453, 10247, 13348, 6938, 14157, \
11135, 12092, 10559, 10297, 6413, 9836, 14324, 4439, 8542, 9572, 14555, 9705, \
7950, 7319, 11595, 13689, 11132, 7589, 10881, 9979, 14782, 10574, 4105, \
13700, 6996, 4671, 13718, 13783, 5539, 12307, 5482, 13663, 11026, 7167, 5484, \
13737, 6217, 5395, 10368, 9921, 12634, 8174, 4191, 3324, 8121, 10780, 9739, \
3460, 12417, 5559, 13516, 7001, 4398, 3161, 12971, 11938, 13440, 7389, 14978, \
3209, 9289, 5270, 0, 8166, 7984, 9498, 8202, 3251, 11011, 7967, 5450, 11747, \
8877, 8458, 5781, 11304, 13861}
"i=87
{8609, 11973, 12249, 14884, 3956, 13901, 7665, 7142, 5824, 11189, 5270, 9276, \
7295, 5714, 5641, 8290, 12882, 3214, 4817, 10929, 4090, 8212, 5786, 11857, \
9287, 14836, 10329, 4291, 9331, 9334, 6014, 13074, 10971, 9920, 9072, 11012, \
6969, 14780, 11600, 6881, 9093, 4876, 6322, 14652, 8712, 13586, 6126, 3764, \
9199, 8008, 7275, 13728, 9079, 5822, 7373, 13769, 9559, 10628, 3683, 7597, \
4168, 4193, 10947, 13290, 10274, 13292, 14264, 8011, 4442, 10629, 9553, 7322, \
10453, 10430, 10275, 9314, 5880, 10544, 13182, 9398, 13097, 8213, 11234, \
7529, 10964, 5708, 0, 13706, 4685, 5307, 10187, 7703, 14351, 8157, 8043, \
14120, 8135, 9634, 12209, 12746}
"i=88
{9724, 10063, 11378, 8608, 10372, 14809, 7828, 8203, 5493, 8171, 3100, 3977, \
8168, 13172, 9021, 5971, 4319, 14116, 13630, 3447, 5691, 5660, 13173, 6473, \
8815, 11686, 10004, 7968, 13191, 13636, 3496, 5655, 8730, 6228, 5866, 8676, \
5241, 3071, 7260, 12553, 4597, 6940, 10746, 4913, 8563, 12621, 7684, 3455, \
4551, 10904, 5280, 12270, 12822, 4524, 11654, 6926, 13500, 11425, 9931, 6873, \
12477, 9069, 4700, 13002, 13698, 8199, 5342, 7176, 6745, 14118, 9208, 10656, \
8303, 8737, 12631, 3238, 4134, 5023, 11727, 3466, 4996, 4792, 5537, 12220, \
14989, 11185, 10447, 0, 7574, 5216, 6963, 11013, 7401, 6652, 6999, 14524, \
10474, 8337, 6780, 7317}
"i=89
{13143, 8327, 8223, 5798, 13379, 5335, 12474, 14471, 4108, 9423, 5192, 13419, \
4392, 4418, 12036, 14548, 11457, 4147, 11723, 4507, 6083, 13393, 5082, 9689, \
6533, 14897, 10904, 5160, 11093, 3684, 7985, 10078, 13398, 6199, 11350, 5497, \
13516, 3405, 6517, 6498, 9776, 4196, 6050, 4237, 5762, 10368, 7027, 12713, \
4264, 6152, 13360, 12676, 12005, 9909, 8412, 9463, 3365, 3406, 4937, 5770, \
9464, 3301, 12783, 8704, 12710, 6571, 14139, 11221, 11656, 12092, 10336, \
11495, 9855, 7631, 13635, 10414, 10838, 12192, 9398, 14618, 5349, 14806, \
5221, 13006, 14987, 5302, 4019, 10750, 0, 13144, 11564, 4920, 14099, 5793, \
5401, 5502, 7644, 10378, 6791, 4728}
"i=90
{10579, 12848, 9953, 7409, 5120, 9805, 14527, 5636, 7603, 10924, 6587, 5389, \
7463, 11398, 7197, 7783, 14216, 6827, 13864, 7048, 10629, 7703, 14969, 10416, \
9829, 7567, 6942, 6480, 11708, 8144, 14527, 12193, 13406, 13424, 11836, 3603, \
7018, 10374, 11769, 11258, 5995, 13221, 3409, 14029, 3814, 14968, 12141, \
8546, 5871, 9829, 13621, 7798, 13251, 8573, 3636, 7316, 11201, 3803, 12648, \
4750, 11482, 14266, 11301, 9613, 8419, 8069, 5058, 8482, 8307, 6289, 11938, \
13808, 5011, 14192, 6940, 12609, 7307, 10424, 12619, 6286, 7520, 6405, 6354, \
5851, 14395, 12101, 11454, 12619, 6069, 0, 3806, 5770, 6677, 10964, 8110, \
9787, 4599, 8472, 6205, 13144}
"i=91
{6126, 10041, 7405, 10361, 5857, 10441, 4136, 12788, 11522, 8782, 12940, \
10621, 3714, 13640, 11840, 8044, 6817, 3866, 12267, 9396, 5349, 9969, 7840, \
6261, 7533, 13598, 7398, 13029, 8339, 14665, 7254, 5080, 3275, 11334, 14393, \
11645, 7454, 14015, 5286, 5733, 6241, 8449, 12093, 11273, 4461, 9184, 9021, \
12811, 7268, 11781, 3301, 8629, 3823, 5146, 12127, 4588, 8951, 13536, 7141, \
7919, 8242, 11771, 5885, 8894, 3038, 3881, 6279, 9975, 11663, 13362, 9568, \
13828, 10598, 13934, 14615, 4216, 13050, 6736, 13020, 12877, 8635, 8181, \
14201, 9185, 14792, 12753, 3210, 13429, 11924, 3527, 0, 10290, 14839, 10431, \
9583, 3033, 10106, 7687, 10389, 10156}
"i=92
{11024, 8144, 10083, 9038, 9264, 7413, 7650, 10809, 12757, 8669, 8718, 12559, \
11025, 11632, 8443, 13373, 12658, 5596, 12690, 10977, 11111, 6696, 14890, \
12781, 7120, 10942, 8667, 8151, 4790, 11937, 5859, 7575, 13272, 13027, 13565, \
10426, 14920, 5378, 11387, 11473, 3836, 10970, 10757, 11915, 3589, 13476, \
6822, 9471, 7476, 6732, 8484, 9393, 14370, 8010, 10251, 10800, 11192, 9551, \
9270, 4446, 7752, 4973, 8137, 13232, 9930, 5564, 6566, 11492, 13079, 3749, \
10806, 9865, 14771, 14193, 14123, 3201, 14315, 11288, 9950, 7100, 7164, 6157, \
6158, 7322, 13978, 6103, 5011, 10007, 13762, 13954, 10573, 0, 4192, 13430, \
5362, 11699, 9558, 4852, 3462, 3040}
"i=93
{3860, 8472, 13690, 6215, 14390, 8940, 7776, 14654, 10281, 8100, 10803, \
13664, 4310, 12968, 8983, 4203, 11866, 4001, 6261, 12779, 5595, 4374, 4365, \
4206, 9296, 10522, 5671, 9066, 12131, 3759, 10905, 10677, 14516, 8465, 5702, \
7794, 3921, 3094, 13090, 11473, 10969, 14683, 13822, 6948, 12011, 9288, 5624, \
7450, 7298, 5006, 4045, 12023, 3070, 8811, 7442, 9840, 5976, 9896, 12117, \
11457, 5543, 6466, 13546, 12858, 6601, 13498, 4930, 7227, 8740, 14451, 3716, \
6609, 12101, 13531, 5547, 8331, 7417, 6604, 4850, 9862, 9194, 11423, 11193, \
14906, 9895, 7187, 14426, 8069, 7430, 9834, 12400, 7001, 0, 12629, 12471, \
11126, 10220, 12606, 6537, 12638}
"i=94
{12357, 10401, 4504, 9760, 14347, 8073, 14724, 5145, 5002, 14360, 7790, \
12717, 5842, 6354, 5871, 5440, 10454, 14659, 11633, 9204, 9071, 10528, 14851, \
13156, 12201, 14956, 10598, 14914, 4696, 6717, 10170, 12646, 11626, 6557, \
13119, 10258, 11912, 10674, 11481, 8331, 11050, 13514, 8572, 5477, 6235, \
6938, 11605, 13180, 4781, 7561, 9044, 10520, 6297, 8543, 5734, 9029, 13203, \
13685, 9057, 11481, 6645, 5225, 4261, 11983, 11996, 7634, 7808, 5783, 7047, \
5135, 5687, 3780, 8997, 10138, 4529, 6903, 7858, 3235, 12551, 6961, 13225, \
10236, 6382, 7459, 6014, 14149, 3826, 12044, 8523, 11556, 3296, 5813, 7358, \
0, 10858, 12058, 4085, 7042, 5599, 13419}
"i=95
{14384, 14710, 13757, 12740, 10568, 8103, 6178, 8426, 11394, 6899, 10222, \
14091, 9722, 4064, 13485, 9639, 11236, 12634, 13844, 7287, 8625, 5598, 8656, \
14221, 5661, 10083, 8095, 4156, 8658, 11792, 12181, 12127, 12532, 8144, \
13405, 11099, 13121, 6879, 3283, 5620, 8127, 7581, 10119, 7236, 9091, 8040, \
11599, 9058, 10159, 6564, 7140, 14522, 3463, 14300, 11251, 6321, 8986, 6120, \
12344, 11299, 10852, 6821, 3142, 7242, 10468, 8405, 9855, 14210, 9622, 5806, \
8103, 8848, 8936, 5449, 13561, 14246, 11283, 4825, 3474, 14632, 5389, 6108, \
14993, 6362, 12118, 14481, 4091, 6061, 11653, 5267, 11336, 5267, 7055, 9225, \
0, 12231, 12548, 3763, 13732, 13544}
"i=96
{10713, 11380, 5766, 8257, 5091, 10850, 10405, 11048, 12731, 5717, 4643, \
14961, 11313, 14574, 12482, 10193, 3638, 3442, 12779, 11601, 9450, 6334, \
8232, 7139, 14691, 13517, 12923, 8569, 9438, 3697, 3915, 3097, 6960, 8666, \
6592, 7369, 4771, 7622, 7405, 3799, 13910, 7854, 11306, 4270, 4767, 5178, \
12193, 12043, 6653, 12385, 14198, 4469, 11765, 14947, 13441, 13549, 10632, \
4201, 3734, 6856, 11103, 11259, 4254, 14500, 13848, 12892, 3543, 14230, \
14813, 14204, 7936, 3102, 3353, 5719, 8414, 8776, 3779, 5312, 12175, 5394, \
4209, 12525, 6671, 11910, 3334, 11716, 13254, 12086, 14787, 4297, 9603, \
14262, 6113, 8175, 5940, 0, 10259, 7395, 7675, 8632}
"i=97
{7901, 7351, 14084, 11948, 9980, 13554, 9079, 14703, 8599, 4337, 6300, 14087, \
6429, 9833, 6663, 10868, 5907, 4829, 9748, 11798, 14685, 4271, 13210, 14407, \
3472, 9738, 5586, 6036, 7945, 4282, 12226, 12119, 3102, 6927, 4338, 3885, \
10304, 3977, 7624, 5346, 9678, 10208, 4216, 8730, 6269, 10071, 13364, 6069, \
14249, 13675, 10766, 12422, 7012, 5967, 13603, 4194, 5073, 11467, 3068, \
12459, 6276, 9853, 14053, 5659, 13044, 10947, 13037, 8979, 14697, 13584, \
3967, 4464, 12520, 13917, 14983, 14694, 6821, 6134, 9941, 7269, 13129, 4869, \
3710, 13748, 3312, 6176, 5189, 9413, 13616, 13603, 5990, 7572, 6176, 9931, \
12453, 5223, 0, 5828, 14490, 6099}
"i=98
{4662, 12172, 5477, 5838, 4809, 13581, 14553, 13514, 10675, 9114, 7913, \
10326, 3108, 10491, 8392, 7745, 13483, 4203, 13182, 8842, 11478, 9156, 10192, \
14575, 9795, 9339, 12020, 8205, 13994, 5879, 8775, 8175, 4544, 12839, 3653, \
5500, 4203, 5287, 14807, 10859, 10817, 11515, 9596, 11076, 13465, 7325, \
11645, 10505, 5866, 10065, 8444, 11569, 11932, 13330, 5994, 9280, 12191, \
9822, 6046, 10937, 8361, 4474, 3967, 7413, 4178, 8742, 9678, 3395, 6339, \
3070, 4649, 6458, 8684, 12329, 14199, 6212, 6898, 14827, 6641, 11594, 11910, \
5760, 6361, 3988, 12619, 11415, 13981, 6935, 10478, 6504, 5706, 8531, 11210, \
6896, 9290, 12573, 5426, 0, 7345, 9866}
"i=99
{5744, 12990, 12829, 13964, 7915, 8410, 13190, 5896, 13117, 8007, 8396, 4841, \
10049, 14070, 6936, 10411, 11590, 14127, 4125, 6451, 14749, 14796, 11093, \
9845, 5439, 5403, 14040, 12338, 6938, 7955, 8985, 14504, 4971, 6069, 4366, \
12934, 5946, 13125, 13158, 13590, 10506, 14326, 14274, 14287, 3509, 13797, \
13842, 8614, 11234, 5700, 6845, 10342, 11652, 8594, 14247, 6726, 4655, 6525, \
8724, 12867, 8709, 12932, 11957, 11911, 8475, 6040, 8950, 14521, 14550, 8429, \
6888, 7887, 6975, 12555, 12722, 7112, 14155, 3855, 8876, 4901, 9264, 10092, \
13302, 6123, 6366, 8067, 10297, 11454, 7761, 7112, 14089, 13483, 4666, 7381, \
6393, 9224, 4060, 3567, 0, 11136}
"i=100
{13808, 10432, 8253, 7647, 14470, 9138, 4145, 10794, 3298, 5008, 13816, 6492, \
11759, 14182, 4622, 7641, 14916, 8378, 8697, 7784, 7199, 10100, 13925, 12934, 
  10911, 7909, 9851, 8815, 11487, 14271, 6135, 12687, 11273, 10314, 8466, \
6403, 7601, 3652, 4092, 12890, 3677, 9829, 4962, 10077, 14105, 6085, 4173, \
6079, 11638, 11545, 8275, 12445, 10266, 3130, 10544, 13525, 11996, 9055, \
14317, 9463, 12078, 6941, 9566, 14152, 5577, 5060, 11332, 12390, 11365, \
14867, 8946, 13799, 10482, 3716, 10663, 6892, 8345, 11407, 4429, 3886, 3502, \
11320, 13727, 4422, 6237, 10969, 12725, 9793, 11203, 6641, 8451, 5152, 10034, \
3520, 14242, 7160, 9383, 6501, 9323, 0}



